R=2;
Kt=0.01;
b=0.0012;
L=0.023;
Ke=0.01;
J=0.001;
Va=12;